"V1","V2","V3","V4"
0.0628019323671498,0.101449275362319,0.666666666666667,0.169082125603865
0.101190476190476,0.0104166666666667,0.483630952380952,0.404761904761905
0.0780141843971631,0.108156028368794,0.445035460992908,0.368794326241135
0.0301003344481605,0.107023411371237,0.642140468227425,0.220735785953177
0.00505050505050505,0,0.813131313131313,0.181818181818182
0.0230414746543779,0.032258064516129,0.797235023041475,0.147465437788018
0.446601941747573,0.527508090614887,0.0258899676375405,0
0.0365853658536585,0.0338753387533875,0.170731707317073,0.758807588075881
0.168478260869565,0.510869565217391,0.179347826086957,0.141304347826087
0.0489130434782609,0.641304347826087,0.0036231884057971,0.306159420289855
0,0.241379310344828,0.493647912885662,0.26497277676951
0,0.0559440559440559,0.876456876456876,0.0675990675990676
0.0276008492569002,0.0488322717622081,0.530785562632696,0.392781316348195
0.0563380281690141,0,0.529577464788732,0.414084507042254
0.0481481481481481,0.0925925925925926,0.522222222222222,0.337037037037037
0.0136054421768707,0,0.870748299319728,0.115646258503401
0.162740899357602,0.550321199143469,0.113490364025696,0.173447537473233
0.393617021276596,0.50531914893617,0,0.101063829787234
0.102941176470588,0.00735294117647059,0.889705882352941,0
0.141221374045802,0.0648854961832061,0.580152671755725,0.213740458015267
0.585714285714286,0.128571428571429,0.14047619047619,0.145238095238095
0.0274725274725275,0.541208791208791,0.252747252747253,0.178571428571429
0,1,0,0
0,0.0479166666666667,0.864583333333333,0.0875
0.627450980392157,0.169934640522876,0.0359477124183007,0.166666666666667
0,0,0.941358024691358,0.058641975308642
0.0369318181818182,0.0397727272727273,0.877840909090909,0.0454545454545455
0.314285714285714,0.685714285714286,0,0
0,0.130859375,0.7890625,0.080078125
0.0405251141552511,0.0399543378995434,0.453767123287671,0.465753424657534
0,0.0344827586206897,0.793103448275862,0.172413793103448
0.554913294797688,0.132947976878613,0.312138728323699,0
0.0440251572327044,0,0.955974842767296,0
0,0.0291970802919708,0.970802919708029,0
0.0108695652173913,0.125,0.66304347826087,0.201086956521739
0,0,0.824074074074074,0.175925925925926
0.00238663484486874,0.220763723150358,0.684964200477327,0.0918854415274463
0.00879120879120879,0.171428571428571,0.637362637362637,0.182417582417582
0.028328611898017,0.130311614730878,0.830028328611898,0.0113314447592068
0,0.0198019801980198,0.98019801980198,0
0.168278529980658,0.411992263056093,0.0425531914893617,0.377176015473888
0.032258064516129,0,0.956989247311828,0.010752688172043
0,0.0174418604651163,0.982558139534884,0
0.00460829493087558,0,0.995391705069124,0
0.0821529745042493,0.776203966005666,0.0084985835694051,0.13314447592068
0.0503018108651912,0.557344064386318,0,0.392354124748491
0.0245098039215686,0,0.759803921568627,0.215686274509804
0.0397727272727273,0.0757575757575758,0.583333333333333,0.301136363636364
0,0.00894187779433681,0.922503725782414,0.0685543964232489
0.337386018237082,0.331306990881459,0.164133738601824,0.167173252279635
0,0.861111111111111,0.00555555555555556,0.133333333333333
0.0989304812834225,0.703208556149733,0,0.197860962566845
0.0448028673835125,0.663082437275986,0.003584229390681,0.288530465949821
0,0.0308056872037915,0.87914691943128,0.0900473933649289
0.130914826498423,0.676656151419558,0.0173501577287066,0.175078864353312
0,0,0.983695652173913,0.016304347826087
0.0860655737704918,0.0204918032786885,0.885245901639344,0.00819672131147541
0,0.047244094488189,0.771653543307087,0.181102362204724
0.355855855855856,0.40990990990991,0,0.234234234234234
0.146643109540636,0.708480565371025,0,0.144876325088339
0,0.072463768115942,0.869565217391304,0.0579710144927536
0.034136546184739,0.0140562248995984,0.937751004016064,0.0140562248995984
0.0300751879699248,0,0.969924812030075,0
0,0.00694444444444444,0.993055555555555,0
0.0262172284644195,0,0.857677902621723,0.116104868913858
0.0389972144846797,0.0306406685236769,0.880222841225627,0.0501392757660167
0.00488997555012225,0.0244498777506112,0.931540342298289,0.039119804400978
0,0,0.883408071748879,0.116591928251121
0,0.0515021459227468,0.944206008583691,0.00429184549356223
0,0.101796407185629,0.850299401197605,0.0479041916167665
0.683673469387755,0.153061224489796,0.163265306122449,0
0.0165289256198347,0,0.983471074380165,0
0.246653919694073,0.606118546845124,0,0.147227533460803
0.0946745562130177,0.591715976331361,0,0.313609467455621
0.660569105691057,0.144308943089431,0.00609756097560976,0.189024390243902
0.297872340425532,0.219858156028369,0.0212765957446809,0.460992907801418
0.0190839694656489,0.141221374045802,0.591603053435114,0.248091603053435
0.0711610486891386,0.775280898876405,0,0.153558052434457
0.167014613778706,0.492693110647182,0.100208768267223,0.240083507306889
0.702127659574468,0.290780141843972,0,0.00709219858156028
0.122186495176849,0.655948553054662,0.218649517684887,0.00321543408360129
0.724528301886793,0.222641509433962,0,0.0528301886792453
0.0428571428571429,0.452380952380952,0.0174603174603175,0.487301587301587
0,0.112781954887218,0.834586466165413,0.0526315789473684
0.107784431137725,0.0359281437125748,0.6187624750499,0.2375249500998
0,0,0.994505494505495,0.00549450549450549
0.0330250990752972,0,0.645970937912814,0.321003963011889
0.545801526717557,0.209923664122137,0,0.244274809160305
0,0.0920245398773006,0.895705521472393,0.0122699386503067
0.0666222518321119,0.0153231179213857,0.5836109260493,0.334443704197202
0.125,0,0.75,0.125
0.426630434782609,0.347826086956522,0.016304347826087,0.209239130434783
0,0.101604278074866,0.818181818181818,0.0802139037433155
0.610169491525424,0.129237288135593,0.0805084745762712,0.180084745762712
0.161214953271028,0.373831775700935,0,0.464953271028037
0,0.350649350649351,0.649350649350649,0
0.603174603174603,0.341269841269841,0,0.0555555555555556
0.184415584415584,0.602597402597403,0,0.212987012987013
0.0740740740740741,0,0.842592592592593,0.0833333333333333
0.194539249146758,0.407849829351536,0.168941979522184,0.228668941979522
0,0.0794223826714801,0.913357400722022,0.0072202166064982
0.262295081967213,0.122950819672131,0,0.614754098360656
0,0,0.986928104575163,0.0130718954248366
0.74025974025974,0.0779220779220779,0.025974025974026,0.155844155844156
0.0586510263929619,0.0439882697947214,0.873900293255132,0.0234604105571848
0.148876404494382,0.362359550561798,0.0252808988764045,0.463483146067416
0.353057199211045,0.431952662721894,0.0138067061143984,0.201183431952663
0.506472491909385,0.245954692556634,0,0.247572815533981
0.0338028169014085,0.028169014084507,0.938028169014085,0
0.75,0.122641509433962,0.0330188679245283,0.0943396226415094
0.676595744680851,0.113475177304965,0.00567375886524823,0.204255319148936
0.00881057268722467,0.102790014684288,0.597650513950073,0.290748898678414
0.270676691729323,0.148496240601504,0.0413533834586466,0.539473684210526
0.0237154150197628,0.0671936758893281,0.889328063241107,0.0197628458498024
0.158620689655172,0.360344827586207,0.0103448275862069,0.470689655172414
0.0335276967930029,0.485422740524781,0.0233236151603499,0.457725947521866
0.029126213592233,0.262135922330097,0.0473300970873786,0.661407766990291
0.439338235294118,0.40625,0,0.154411764705882
0.00394477317554241,0.0532544378698225,0.928994082840237,0.0138067061143984
0.672985781990521,0.023696682464455,0.0900473933649289,0.213270142180095
0.647321428571428,0.254464285714286,0.0178571428571429,0.0803571428571428
0,0.0169491525423729,0.983050847457627,0
0.634210526315789,0.226315789473684,0.0657894736842105,0.0736842105263158
0.207792207792208,0.536178107606679,0,0.256029684601113
0.0511247443762781,0.521472392638037,0.0613496932515337,0.366053169734151
0.00411522633744856,0.0617283950617284,0.45679012345679,0.477366255144033
0.27979274611399,0.0699481865284974,0,0.650259067357513
0.806451612903226,0.189964157706093,0,0.003584229390681
0.0690846286701209,0.42832469775475,0.00518134715025907,0.49740932642487
0.0748299319727891,0.541950113378685,0.158730158730159,0.224489795918367
0.0635838150289017,0,0.91907514450867,0.0173410404624277
0,0.112068965517241,0.887931034482759,0
0,0.0263157894736842,0.973684210526316,0
0.0268817204301075,0.629032258064516,0,0.344086021505376
0.0501089324618736,0.677559912854031,0.0305010893246187,0.241830065359477
0.036036036036036,0.3003003003003,0.042042042042042,0.621621621621622
0.0164917541229385,0.0344827586206897,0.76311844077961,0.185907046476762
0.043010752688172,0.951612903225806,0.00537634408602151,0
0.498660953401178,0.0562399571505088,0.0289234065345474,0.416175682913765
0.059436913451512,0.0980187695516163,0.528675703858186,0.313868613138686
0.140845070422535,0.133802816901408,0,0.725352112676056
0.155495978552279,0.187667560321716,0.017426273458445,0.63941018766756
0.0171428571428571,0.605714285714286,0.0266666666666667,0.35047619047619
0.00240384615384615,0.0528846153846154,0.798076923076923,0.146634615384615
0.008424599831508,0.0724515585509688,0.856781802864364,0.0623420387531592
0.0433734939759036,0.0626506024096386,0.862650602409639,0.0313253012048193
0,0.136752136752137,0.846153846153846,0.0170940170940171
0.494274809160305,0.374045801526718,0.0725190839694656,0.0591603053435114
0.0350194552529183,0.719844357976654,0,0.245136186770428
0.309033280507132,0.33122028526149,0.0665610142630745,0.293185419968304
0.0214797136038186,0.0739856801909308,0.861575178997613,0.0429594272076372
0.0497237569060773,0.0939226519337017,0.676795580110497,0.179558011049724
0.437275985663082,0.301075268817204,0.03584229390681,0.225806451612903
0.619834710743802,0.119834710743802,0.00826446280991736,0.252066115702479
0.255936675461741,0.182058047493404,0.142480211081794,0.419525065963061
0.412238325281804,0.172302737520129,0,0.415458937198068
0.282258064516129,0.330645161290323,0.00604838709677419,0.381048387096774
0.110588235294118,0.190588235294118,0,0.698823529411765
0.217665615141956,0.495268138801262,0.22397476340694,0.0630914826498423
0.461538461538462,0.336538461538462,0.201923076923077,0
0.0476190476190476,0.888888888888889,0,0.0634920634920635
0.0173410404624277,0.254335260115607,0.710982658959537,0.0173410404624277
0.156351791530945,0.343648208469055,0.0586319218241042,0.441368078175896
0.00680272108843537,0.0748299319727891,0.918367346938776,0
0.0348837209302326,0.145348837209302,0.796511627906977,0.0232558139534884
0.171428571428571,0.685714285714286,0.0285714285714286,0.114285714285714
0.219570405727924,0.305489260143198,0.319809069212411,0.155131264916468
0.188442211055276,0.603015075376884,0.0477386934673367,0.160804020100503
0.117408906882591,0.882591093117409,0,0
0.207589285714286,0.0892857142857143,0.296875,0.40625
0.281350482315113,0.14951768488746,0.045016077170418,0.52411575562701
0,0,0.942307692307692,0.0576923076923077
0.222879684418146,0.0907297830374754,0.0591715976331361,0.627218934911243
0.0365853658536585,0.0365853658536585,0.899390243902439,0.0274390243902439
0.48936170212766,0.122749590834697,0.127659574468085,0.260229132569558
0.311688311688312,0.220779220779221,0,0.467532467532468
0.0108108108108108,0.0108108108108108,0.935135135135135,0.0432432432432432
0.485074626865672,0.116915422885572,0.0111940298507463,0.38681592039801
0.00396825396825397,0.0634920634920635,0.916666666666667,0.0158730158730159
0.024,0.464,0,0.512
0.292929292929293,0.404040404040404,0.303030303030303,0
0.900735294117647,0.0698529411764706,0.0257352941176471,0.00367647058823529
0.069023569023569,0.648148148148148,0.00168350168350168,0.281144781144781
0.154074074074074,0.351111111111111,0.0592592592592593,0.435555555555556
0.0656,0.16,0.1392,0.6352
0.025974025974026,0.00649350649350649,0.918831168831169,0.0487012987012987
0,0.105263157894737,0.842105263157895,0.0526315789473684
0.646341463414634,0.24390243902439,0,0.109756097560976
0.375266524520256,0.0959488272921109,0.0405117270788913,0.488272921108742
0.361538461538462,0.386538461538462,0.0442307692307692,0.207692307692308
0,0.162790697674419,0.562790697674419,0.274418604651163
0.163424124513619,0.0739299610894942,0.673151750972763,0.0894941634241245
0.464757709251101,0.222466960352423,0.0110132158590308,0.301762114537445
0,0.12972972972973,0.762162162162162,0.108108108108108
0.00221238938053097,0.566371681415929,0.351769911504425,0.079646017699115
0.125265392781316,0.371549893842887,0.0233545647558386,0.479830148619958
0,0,1,0
0.0022883295194508,0.0297482837528604,0.951945080091533,0.0160183066361556
0.42042042042042,0.48048048048048,0.0510510510510511,0.048048048048048
0,0.0487804878048781,0.702439024390244,0.248780487804878
0.196261682242991,0.126168224299065,0,0.677570093457944
0.472906403940887,0.130541871921182,0.0221674876847291,0.374384236453202
0.202072538860104,0.77720207253886,0,0.0207253886010363
0.277227722772277,0.353135313531353,0.0132013201320132,0.356435643564356
0.211822660098522,0.239737274220033,0.101806239737274,0.446633825944171
0.292792792792793,0.400900900900901,0.0315315315315315,0.274774774774775
0.00218340611353712,0.0283842794759825,0.893013100436681,0.0764192139737991
0.48995983935743,0.072289156626506,0.0542168674698795,0.383534136546185
0.00479616306954436,0.0815347721822542,0.882494004796163,0.0311750599520384
0.153846153846154,0.330484330484331,0,0.515669515669516
0.0600600600600601,0.288288288288288,0.024024024024024,0.627627627627628
0.436651583710407,0.142533936651584,0.0226244343891403,0.398190045248869
0.306163021868787,0.270377733598409,0.0357852882703777,0.387673956262425
0.0132450331125828,0.158940397350993,0.490066225165563,0.337748344370861
0.0366666666666667,0.296666666666667,0.281666666666667,0.385
0.00838574423480084,0.788259958071279,0.0314465408805031,0.171907756813417
0.532581453634085,0.050125313283208,0.370927318295739,0.0463659147869674
0.64070351758794,0.183417085427136,0.131909547738693,0.0439698492462312
0.452830188679245,0.317610062893082,0,0.229559748427673
0.411111111111111,0,0,0.588888888888889
0,0.0317460317460317,0.968253968253968,0
0.032258064516129,0.423387096774194,0.00403225806451613,0.540322580645161
0.257575757575758,0.0454545454545455,0.0454545454545455,0.651515151515152
0.240165631469979,0.550724637681159,0,0.209109730848861
0.0454042081949059,0.0409745293466224,0.655592469545958,0.258028792912514
0.0138888888888889,0.0185185185185185,0.905092592592593,0.0625
0.593516209476309,0.189526184538653,0.112219451371571,0.104738154613466
0.671532846715328,0.262773722627737,0,0.0656934306569343
0.604395604395604,0.208791208791209,0.186813186813187,0
0.0958904109589041,0.633561643835616,0.00171232876712329,0.268835616438356
0.12568306010929,0.289617486338798,0,0.584699453551913
0,0.0283018867924528,0.971698113207547,0
0.309572301425662,0.0794297352342159,0.0509164969450102,0.560081466395112
0.630769230769231,0.246153846153846,0.00769230769230769,0.115384615384615
0.0210526315789474,0.363157894736842,0.0157894736842105,0.6
0.00386100386100386,0.0463320463320463,0.864864864864865,0.0849420849420849
0.0341685649202733,0.0979498861047836,0.65375854214123,0.214123006833713
0.0134680134680135,0.031986531986532,0.755892255892256,0.198653198653199
0.474015748031496,0.294488188976378,0.0692913385826772,0.162204724409449
0.0113636363636364,0.551136363636364,0,0.4375
0.366666666666667,0.161904761904762,0.171428571428571,0.3
0,0.0366666666666667,0.936666666666667,0.0266666666666667
0,0.0279898218829517,0.954198473282443,0.0178117048346056
0,0.0438247011952191,0.956175298804781,0
0.424242424242424,0.104377104377104,0.212121212121212,0.259259259259259
0.617647058823529,0,0,0.382352941176471
0.72289156626506,0.216867469879518,0,0.0602409638554217
0,0,0.901098901098901,0.0989010989010989
0.00608519269776876,0.0283975659229209,0.890466531440162,0.0750507099391481
0.21356783919598,0.670854271356784,0,0.115577889447236
0.44,0.205714285714286,0.354285714285714,0
0,0.010230179028133,0.884910485933504,0.104859335038363
0.660377358490566,0,0,0.339622641509434
0.0135746606334842,0.0248868778280543,0.805429864253394,0.156108597285068
0.0104712041884817,0.0222513089005236,0.798429319371728,0.168848167539267
0.078239608801956,0.361858190709046,0.322738386308068,0.237163814180929
0.563025210084034,0.184873949579832,0,0.252100840336134
0.474074074074074,0.525925925925926,0,0
0.0433839479392625,0.0195227765726681,0.620390455531453,0.316702819956616
0.0440835266821346,0.0440835266821346,0.890951276102088,0.0208816705336427
0,0.929292929292929,0.0673400673400673,0.00336700336700337
0,0,0.96875,0.03125
0,0.01171875,0.98828125,0
0,0.0353982300884956,0.884955752212389,0.079646017699115
0.0410958904109589,0.113013698630137,0.568493150684931,0.277397260273973
0.00820793433652531,0.0533515731874145,0.875512995896033,0.0629274965800274
0.00432900432900433,0.0324675324675325,0.785714285714286,0.177489177489178
0.0310679611650485,0.0174757281553398,0.924271844660194,0.0271844660194175
0.00221729490022173,0.121951219512195,0.824833702882483,0.0509977827050998
0.0541310541310541,0.0982905982905983,0.837606837606838,0.00997150997150997
0,0.00869565217391304,0.991304347826087,0
0.16504854368932,0.669902912621359,0.0970873786407767,0.0679611650485437
0.0227272727272727,0.12987012987013,0.785714285714286,0.0616883116883117
0.229235880398671,0.152823920265781,0,0.617940199335548
0.0536779324055666,0.773359840954274,0.0298210735586481,0.143141153081511
0.0516795865633075,0.0155038759689922,0.904392764857881,0.0284237726098191
0.0608695652173913,0.16,0.772173913043478,0.00695652173913044
0,0.164750957854406,0.812260536398467,0.0229885057471264
0,0,0.480916030534351,0.519083969465649
0.362110311750599,0.261390887290168,0.00239808153477218,0.37410071942446
0.298850574712644,0.471264367816092,0,0.229885057471264
0,0.167597765363129,0.832402234636872,0
0.0555555555555556,0,0.944444444444444,0
0,0.0136986301369863,0.958904109589041,0.0273972602739726
0,0.252971137521222,0.67741935483871,0.0696095076400679
0.103351955307263,0.00279329608938547,0.863128491620112,0.0307262569832402
0.0164705882352941,0.108235294117647,0.54,0.335294117647059
0.0870406189555126,0.707930367504836,0.0406189555125725,0.164410058027079
0.735849056603774,0.169811320754717,0.0943396226415094,0
0.0602409638554217,0.843373493975904,0.0963855421686747,0
0.144278606965174,0.106965174129353,0.0621890547263682,0.686567164179104
0.127450980392157,0.531372549019608,0.00980392156862745,0.331372549019608
0.367415730337079,0.00449438202247191,0.573033707865169,0.0550561797752809
0.0658682634730539,0,0.914171656686627,0.0199600798403194
0,0.202702702702703,0.672297297297297,0.125
0.33695652173913,0.119565217391304,0.282608695652174,0.260869565217391
0.0151515151515152,0,0.984848484848485,0
0.00516795865633075,0.837209302325581,0.020671834625323,0.136950904392765
0.564575645756458,0.191881918819188,0.022140221402214,0.22140221402214
0.0459770114942529,0,0.885057471264368,0.0689655172413793
0.00454545454545455,0.872727272727273,0.0272727272727273,0.0954545454545454
0,0,0.86734693877551,0.13265306122449
0.0804953560371517,0.105263157894737,0.814241486068112,0
0.0621848739495798,0.0302521008403361,0.885714285714286,0.0218487394957983
0.489130434782609,0,0,0.510869565217391
0.516483516483517,0.258241758241758,0,0.225274725274725
0.104294478527607,0.343558282208589,0.159509202453988,0.392638036809816
0.0470162748643761,0.443037974683544,0.159132007233273,0.350813743218806
0.117647058823529,0,0.882352941176471,0
0,0.004739336492891,0.976303317535545,0.018957345971564
0.840425531914894,0.138297872340426,0,0.0212765957446809
0.0786885245901639,0.0278688524590164,0.827868852459016,0.0655737704918033
0.51004016064257,0.0495314591700134,0.0240963855421687,0.416331994645248
0.770700636942675,0.0382165605095541,0.191082802547771,0
0.0296296296296296,0,0.97037037037037,0
0,0.0915492957746479,0.908450704225352,0
0.0134680134680135,0.0437710437710438,0.898989898989899,0.0437710437710438
0,0.147959183673469,0.704081632653061,0.147959183673469
0.165948275862069,0.118534482758621,0.0646551724137931,0.650862068965517
0.405714285714286,0.228571428571429,0.0457142857142857,0.32
0.126272912423625,0.34826883910387,0.00203665987780041,0.523421588594705
0.0154095701540957,0.0332522303325223,0.948094079480941,0.0032441200324412
0,0.152360515021459,0.645922746781116,0.201716738197425
0.555299539170507,0.195852534562212,0.00230414746543779,0.246543778801843
0.0678571428571429,0.264285714285714,0.435714285714286,0.232142857142857
0.302613480055021,0.156808803301238,0.0165061898211829,0.524071526822558
0.558441558441559,0.441558441558442,0,0
0.0698924731182796,0.1415770609319,0.0609318996415771,0.727598566308244
0.716981132075472,0.283018867924528,0,0
0.0323232323232323,0.242424242424242,0.515151515151515,0.21010101010101
0.0165094339622642,0.0471698113207547,0.813679245283019,0.122641509433962
0.0164835164835165,0.0494505494505495,0.925824175824176,0.00824175824175824
0.0167597765363128,0.195530726256983,0.0167597765363128,0.770949720670391
0.06957928802589,0.865695792880259,0.0161812297734628,0.0485436893203883
0.404011461318052,0.33810888252149,0.0286532951289398,0.229226361031519
0.0886524822695035,0.473404255319149,0.140070921985816,0.297872340425532
0,0.978723404255319,0.0212765957446809,0
0.858823529411765,0,0,0.141176470588235
0,0.0852017937219731,0.863228699551569,0.0515695067264574
0.0639658848614073,0.185501066098081,0.716417910447761,0.0341151385927505
0.021875,0.234375,0.003125,0.740625
0.0877659574468085,0.851063829787234,0,0.0611702127659574
0.657015590200445,0.178173719376392,0,0.164810690423163
0.792,0.048,0.068,0.092
0.0103092783505155,0.0371134020618557,0.936082474226804,0.0164948453608247
0.183879093198992,0.614609571788413,0.0151133501259446,0.18639798488665
0.5,0.2,0,0.3
0,0.061377245508982,0.908682634730539,0.029940119760479
0,0.546195652173913,0.0190217391304348,0.434782608695652
0,0.106382978723404,0.606382978723404,0.287234042553191
0.0178571428571429,0.607142857142857,0,0.375
0.0508474576271186,0.152542372881356,0,0.796610169491525
0.480701754385965,0.2,0.107017543859649,0.212280701754386
0.0601503759398496,0.421052631578947,0.0300751879699248,0.488721804511278
0.0695296523517382,0.429447852760736,0,0.501022494887526
0.682352941176471,0.0352941176470588,0,0.282352941176471
0.0107913669064748,0,0.960431654676259,0.0287769784172662
0.157894736842105,0.294736842105263,0,0.547368421052632
0.0979228486646884,0.643916913946588,0.213649851632047,0.0445103857566766
0,0.0324324324324324,0.967567567567568,0
0.242105263157895,0.747368421052632,0.0105263157894737,0
0,0.128205128205128,0.871794871794872,0
0.0619047619047619,0.123809523809524,0.334920634920635,0.479365079365079
0,0.0434782608695652,0.956521739130435,0
0,0.0367647058823529,0.838235294117647,0.125
0,0.857142857142857,0.051948051948052,0.0909090909090909
0,0.169811320754717,0.830188679245283,0
0.0504201680672269,0.836134453781513,0,0.113445378151261
0.0756501182033097,0.0401891252955083,0.853427895981087,0.0307328605200946
0.399014778325123,0,0.172413793103448,0.428571428571429
0.0419161676646707,0.745508982035928,0.0239520958083832,0.188622754491018
0,0.193939393939394,0.721212121212121,0.0848484848484849
0.0671641791044776,0.164179104477612,0.105970149253731,0.662686567164179
0.0920634920634921,0.742857142857143,0,0.165079365079365
0.0472103004291845,0.832618025751073,0,0.120171673819742
0.490998363338789,0.119476268412439,0.00654664484451719,0.382978723404255
0.0439024390243902,0,0.641463414634146,0.314634146341463
0,0,1,0
0,0.0860215053763441,0.881720430107527,0.032258064516129
0.229559748427673,0.102201257861635,0.0125786163522013,0.655660377358491
0.475247524752475,0.0396039603960396,0.0371287128712871,0.448019801980198
0.170731707317073,0,0,0.829268292682927
0.040133779264214,0.00334448160535117,0.929765886287625,0.0267558528428094
0.0641025641025641,0.0128205128205128,0.615384615384615,0.307692307692308
0,0.0922431865828092,0.752620545073375,0.155136268343816
0,0.0748031496062992,0.854330708661417,0.0708661417322835
0.0240384615384615,0.942307692307692,0.0336538461538462,0
0.690322580645161,0.309677419354839,0,0
0.507246376811594,0.115942028985507,0,0.376811594202899
0.595918367346939,0.206122448979592,0,0.197959183673469
0.626297577854671,0.0259515570934256,0.13840830449827,0.209342560553633
0.00946372239747634,0.056782334384858,0.933753943217666,0
0.013262599469496,0.190981432360743,0.748010610079576,0.0477453580901857
0,0.0437636761487965,0.940919037199125,0.0153172866520788
0.442307692307692,0.0993589743589744,0.0641025641025641,0.394230769230769
0.0105820105820106,0.0529100529100529,0.936507936507937,0
0.106122448979592,0,0.869387755102041,0.0244897959183673
0,0.846938775510204,0,0.153061224489796
0.123456790123457,0.240740740740741,0.549382716049383,0.0864197530864197
0.450980392156863,0.103641456582633,0.00840336134453781,0.436974789915966
0.441860465116279,0.418604651162791,0.131782945736434,0.00775193798449612
0.150537634408602,0.583333333333333,0,0.266129032258065
0.0543478260869565,0,0.945652173913043,0
0.0075187969924812,0,0.913533834586466,0.0789473684210526
0,0.0809716599190283,0.753036437246964,0.165991902834008
0.229116945107399,0.455847255369928,0,0.315035799522673
0,0,0.886792452830189,0.113207547169811
0.359756097560976,0.603658536585366,0.00304878048780488,0.0335365853658537
0.0187265917602996,0.168539325842697,0.0262172284644195,0.786516853932584
0.010958904109589,0.0493150684931507,0.906849315068493,0.0328767123287671
0,0.024390243902439,0.957317073170732,0.0182926829268293
0.221757322175732,0.456066945606695,0.0167364016736402,0.305439330543933
0,0.121004566210046,0.833333333333333,0.045662100456621
0.0072840790842872,0.0353798126951093,0.915712799167534,0.0416233090530697
0.0105820105820106,0,0.80952380952381,0.17989417989418
0.0238500851788756,0.0834752981260647,0.855195911413969,0.0374787052810903
0.791044776119403,0.208955223880597,0,0
0.314516129032258,0.354838709677419,0,0.330645161290323
0.0973451327433628,0.884955752212389,0.0176991150442478,0
0.08,0.168,0.032,0.72
0.029585798816568,0.0414201183431953,0.665680473372781,0.263313609467456
0.393518518518518,0.273148148148148,0,0.333333333333333
0.00825082508250825,0.0940594059405941,0.882838283828383,0.0148514851485149
0.0407725321888412,0.0171673819742489,0.875536480686695,0.0665236051502146
0.0285035629453682,0.111638954869359,0.843230403800475,0.0166270783847981
0.00735294117647059,0.845588235294118,0,0.147058823529412
0.491395793499044,0.116634799235182,0.011472275334608,0.380497131931166
0,0.040650406504065,0.776422764227642,0.182926829268293
0.0482758620689655,0.139655172413793,0.0275862068965517,0.78448275862069
0.194647201946472,0.437956204379562,0.072992700729927,0.294403892944039
0.00583090379008746,0.0408163265306122,0.892128279883382,0.0612244897959184
0.00543478260869565,0.0670289855072464,0.704710144927536,0.222826086956522
0.0642722117202268,0.676748582230624,0.200378071833648,0.0586011342155009
0.477941176470588,0.227941176470588,0,0.294117647058824
0.239910313901345,0.403587443946188,0,0.356502242152466
0.024390243902439,0.829268292682927,0.0569105691056911,0.0894308943089431
0,0.0842696629213483,0.853932584269663,0.0617977528089888
0.377777777777778,0.344444444444444,0.0888888888888889,0.188888888888889
0.581196581196581,0.145299145299145,0.273504273504274,0
0,0,0.989417989417989,0.0105820105820106
0.389473684210526,0.168421052631579,0,0.442105263157895
0.525,0.216666666666667,0.2375,0.0208333333333333
0.00425531914893617,0.0212765957446809,0.88936170212766,0.0851063829787234
0.460106382978723,0.00531914893617021,0.0531914893617021,0.481382978723404
0.310786106032907,0.325411334552102,0.0036563071297989,0.360146252285192
0.712962962962963,0.268518518518518,0,0.0185185185185185
0.00332778702163062,0.0748752079866889,0.911813643926789,0.00998336106489185
0.044529262086514,0.0432569974554707,0.857506361323155,0.0547073791348601
0.218588640275387,0.240963855421687,0.0516351118760757,0.48881239242685
0.439732142857143,0.200892857142857,0.0223214285714286,0.337053571428571
0.434146341463415,0.0195121951219512,0.473170731707317,0.0731707317073171
0.00625,0.83125,0.075,0.0875
0.467625899280576,0.135251798561151,0.146762589928058,0.250359712230216
0.0128824476650564,0.130434782608696,0.603864734299517,0.252818035426731
0.444444444444444,0.132075471698113,0.39832285115304,0.0251572327044025
0.0675675675675676,0,0.932432432432432,0
0.109489051094891,0.440389294403893,0.048661800486618,0.401459854014599
0.0078125,0.01171875,0.81640625,0.1640625
0.0698835274542429,0.0133111480865225,0.835274542429285,0.0815307820299501
0.00757575757575758,0.0757575757575758,0.810606060606061,0.106060606060606
0.0729411764705882,0.611764705882353,0.167058823529412,0.148235294117647
0.00649350649350649,0.798701298701299,0.0779220779220779,0.116883116883117
0.482638888888889,0.173611111111111,0,0.34375
0.0867850098619329,0.528599605522682,0.0611439842209073,0.323471400394477
0.348484848484849,0.218614718614719,0.138528138528139,0.294372294372294
0.360703812316716,0.401759530791789,0.00293255131964809,0.234604105571848
0.857699805068226,0.0818713450292398,0.00194931773879142,0.0584795321637427
0.052132701421801,0.018957345971564,0.789099526066351,0.139810426540284
0.0833333333333333,0,0.881944444444444,0.0347222222222222
0.0392156862745098,0.915032679738562,0,0.0457516339869281
0,0.442176870748299,0.557823129251701,0
0.831858407079646,0.168141592920354,0,0
0.0281954887218045,0.0601503759398496,0.618421052631579,0.293233082706767
0.0610328638497653,0,0.845070422535211,0.0938967136150235
0.522321428571428,0.196428571428571,0.0625,0.21875
0.0234741784037559,0.00938967136150235,0.929577464788732,0.0375586854460094
0.378640776699029,0.0679611650485437,0,0.553398058252427
0,0,0.766666666666667,0.233333333333333
0,0.082135523613963,0.749486652977413,0.168377823408624
0.370192307692308,0.538461538461539,0,0.0913461538461539
0.797872340425532,0.0549645390070922,0,0.147163120567376
0.730496453900709,0.120567375886525,0.0141843971631206,0.134751773049645
0.497200447928331,0.0884658454647256,0.0235162374020157,0.390817469204927
0.542410714285714,0.0625,0,0.395089285714286
0.422705314009662,0.130434782608696,0.0217391304347826,0.42512077294686
0.144177449168207,0.360443622920518,0.011090573012939,0.484288354898336
0,0.0154440154440154,0.934362934362934,0.0501930501930502
0.431334622823985,0.0328820116054159,0.0541586073500967,0.481624758220503
0.730297723292469,0.0647985989492119,0.0560420315236427,0.148861646234676
0.0470219435736677,0,0.880877742946708,0.0721003134796238
0.510204081632653,0.144557823129252,0.00850340136054422,0.336734693877551
0.00378787878787879,0.071969696969697,0.867424242424242,0.0568181818181818
0.032258064516129,0,0.758064516129032,0.209677419354839
0.503937007874016,0.0511811023622047,0.125984251968504,0.318897637795276
0.414918414918415,0.20979020979021,0.00932400932400932,0.365967365967366
0.338,0.182,0.042,0.438
0.697002141327623,0.0578158458244111,0.0203426124197002,0.224839400428266
0,0.0377777777777778,0.933333333333333,0.0288888888888889
0.732758620689655,0.112068965517241,0.152298850574713,0.0028735632183908
0,0.616161616161616,0.313131313131313,0.0707070707070707
0.278215223097113,0.0761154855643045,0.057742782152231,0.587926509186352
0.0263157894736842,0,0.947368421052632,0.0263157894736842
0.0290697674418605,0.218023255813953,0.119186046511628,0.633720930232558
0,0.0181818181818182,0.872727272727273,0.109090909090909
0.0595238095238095,0.845238095238095,0.0535714285714286,0.0416666666666667
0.897196261682243,0.044392523364486,0.00934579439252336,0.0490654205607477
0.368794326241135,0.482269503546099,0,0.148936170212766
0.0298273155416013,0.67817896389325,0,0.291993720565149
0.616847826086957,0.160326086956522,0.0923913043478261,0.130434782608696
0.0726950354609929,0.620567375886525,0.124113475177305,0.182624113475177
0.0335917312661499,0.126614987080103,0.638242894056848,0.201550387596899
0.0909090909090909,0.679292929292929,0.0631313131313131,0.166666666666667
0.0710059171597633,0.560157790927022,0.106508875739645,0.26232741617357
0,0.180511182108626,0.447284345047923,0.37220447284345
0.547094188376753,0.11623246492986,0.130260521042084,0.206412825651303
0.603448275862069,0.297413793103448,0.0818965517241379,0.0172413793103448
0.0711864406779661,0.459322033898305,0.13728813559322,0.332203389830508
0.381118881118881,0.188811188811189,0.00699300699300699,0.423076923076923
0.232558139534884,0.63953488372093,0.116279069767442,0.0116279069767442
0.109567901234568,0.493827160493827,0.0169753086419753,0.37962962962963
0.718861209964413,0.0765124555160142,0,0.204626334519573
0.0101010101010101,0.0101010101010101,0.97979797979798,0
0.05625,0.00625,0.9375,0
0.0170731707317073,0.0707317073170732,0.865853658536585,0.0463414634146341
0.73109243697479,0.176470588235294,0.092436974789916,0
0.00227790432801822,0.020501138952164,0.881548974943052,0.0956719817767654
0.270386266094421,0.512875536480687,0.0729613733905579,0.143776824034335
0.585284280936455,0.173913043478261,0,0.240802675585284
0.0694444444444444,0,0.930555555555555,0
0.85207100591716,0.0236686390532544,0.0946745562130177,0.029585798816568
0,0.0410958904109589,0.827788649706458,0.131115459882583
0,0,0.949295774647887,0.0507042253521127
0.0607553366174056,0.124794745484401,0.561576354679803,0.252873563218391
0.0170316301703163,0.732360097323601,0.0145985401459854,0.236009732360097
0.0278884462151394,0,0.784860557768924,0.187250996015936
0.807692307692308,0.192307692307692,0,0
0.593272171253823,0.0611620795107034,0.345565749235474,0
0.616541353383459,0.103383458646617,0.0620300751879699,0.218045112781955
0.527777777777778,0.287037037037037,0.185185185185185,0
0.453947368421053,0.421052631578947,0.00986842105263158,0.115131578947368
0.116279069767442,0.154334038054968,0.0634249471458774,0.665961945031712
0.518987341772152,0.341772151898734,0,0.139240506329114
0.037344398340249,0.004149377593361,0.91701244813278,0.04149377593361
0.0444964871194379,0,0.843091334894614,0.112412177985948
0.115079365079365,0.248015873015873,0.513888888888889,0.123015873015873
0,0.225190839694656,0.614503816793893,0.16030534351145
0.519038076152305,0.152304609218437,0.0120240480961924,0.316633266533066
0.339080459770115,0.509578544061303,0.0593869731800766,0.0919540229885057
0,0.00719424460431655,0.992805755395683,0
0.694594594594595,0.254054054054054,0.0459459459459459,0.00540540540540541
0,0.0186915887850467,0.981308411214953,0
0.0534351145038168,0,0.946564885496183,0
0.111111111111111,0.190713101160862,0.00995024875621891,0.688225538971808
0.0343511450381679,0.0381679389312977,0.82824427480916,0.0992366412213741
0,0.133663366336634,0.717821782178218,0.148514851485149
0.250704225352113,0.588732394366197,0.0338028169014085,0.126760563380282
0.267029972752044,0.564032697547684,0.168937329700272,0
0.811475409836066,0.00819672131147541,0.0163934426229508,0.163934426229508
0.114982578397213,0.52787456445993,0.0400696864111498,0.317073170731707
0.704918032786885,0.229508196721311,0.0655737704918033,0
0,0.107692307692308,0.842307692307692,0.05
0.360294117647059,0.507352941176471,0.132352941176471,0
0.0588235294117647,0.632352941176471,0,0.308823529411765
0.1,0.44,0.28,0.18
0.246527777777778,0.605902777777778,0.0850694444444444,0.0625
0.791752577319588,0.088659793814433,0.045360824742268,0.0742268041237113
0.481296758104738,0.466334164588529,0.0423940149625935,0.00997506234413965
0.0693240901213172,0.478336221837088,0.0710571923743501,0.381282495667244
0.0404312668463612,0.641509433962264,0.0215633423180593,0.296495956873315
0.587179487179487,0.0948717948717949,0.174358974358974,0.143589743589744
0,0.0299539170506912,0.910138248847926,0.0599078341013825
0.484848484848485,0.0411255411255411,0.0649350649350649,0.409090909090909
0.211087420042644,0.535181236673774,0.0277185501066098,0.226012793176972
0,0.0119521912350598,0.98804780876494,0
0.594594594594595,0.231981981981982,0.0135135135135135,0.15990990990991
0.336448598130841,0.271028037383178,0.0598130841121495,0.332710280373832
0.331818181818182,0.65,0,0.0181818181818182
0.524691358024691,0.169753086419753,0.160493827160494,0.145061728395062
0.252566735112936,0.616016427104723,0,0.131416837782341
0,0,0.978339350180505,0.0216606498194946
0.1,0.795833333333333,0,0.104166666666667
0.445945945945946,0.301801801801802,0.045045045045045,0.207207207207207
0.037593984962406,0.832080200501253,0.0025062656641604,0.12781954887218
0.2,0.0134453781512605,0.546218487394958,0.240336134453782
0.0222841225626741,0.00835654596100279,0.933147632311978,0.0362116991643454
0.0984848484848485,0.75,0.00757575757575758,0.143939393939394
0.680511182108626,0.137380191693291,0.0575079872204473,0.124600638977636
0.00558659217877095,0.905027932960894,0.0446927374301676,0.0446927374301676
0.154545454545455,0.236363636363636,0.609090909090909,0
0.202666666666667,0.610666666666667,0.0373333333333333,0.149333333333333
0.580729166666667,0.161458333333333,0.1953125,0.0625
0,0,0.9375,0.0625
0.00701754385964912,0.76140350877193,0.178947368421053,0.0526315789473684
0.620331950207469,0.049792531120332,0.049792531120332,0.280082987551867
0.569651741293532,0.0621890547263682,0.0174129353233831,0.350746268656716
0.413173652694611,0.179640718562874,0.0269461077844311,0.380239520958084
0.456386292834891,0.0420560747663551,0.165109034267913,0.336448598130841
0.613333333333333,0.09,0.00666666666666667,0.29
0.412878787878788,0.325757575757576,0.121212121212121,0.140151515151515
0.0023094688221709,0.0207852193995381,0.766743648960739,0.210161662817552
0.108459869848156,0.017353579175705,0.668112798264642,0.206073752711497
0,0,0.763636363636364,0.236363636363636
0,0.121718377088305,0.658711217183771,0.219570405727924
0.687385740402194,0.160877513711152,0.0950639853747715,0.056672760511883
0.154455445544554,0.669306930693069,0.0297029702970297,0.146534653465347
0.811320754716981,0.0566037735849057,0.0660377358490566,0.0660377358490566
0.00229885057471264,0.0229885057471264,0.754022988505747,0.220689655172414
0.0206185567010309,0.471281296023564,0.131075110456554,0.377025036818851
0,0.197183098591549,0.802816901408451,0
0.293963254593176,0.404199475065617,0.144356955380577,0.15748031496063
0.548611111111111,0,0.166666666666667,0.284722222222222
0.0153846153846154,0.803846153846154,0.0115384615384615,0.169230769230769
0.589285714285714,0.223214285714286,0.0505952380952381,0.136904761904762
0,0.0350877192982456,0.964912280701754,0
1,0,0,0
0.027027027027027,0,0.927927927927928,0.045045045045045
0.712328767123288,0.0502283105022831,0,0.237442922374429
0.985294117647059,0.0147058823529412,0,0
0.494736842105263,0.149473684210526,0.0210526315789474,0.334736842105263
0.241779497098646,0.123791102514507,0.011605415860735,0.622823984526112
0.0177133655394525,0.457326892109501,0.0692431561996779,0.455716586151369
0.0712589073634204,0.0237529691211401,0.833729216152019,0.0712589073634204
0,0.725190839694656,0.274809160305344,0
0.613138686131387,0.153284671532847,0.182481751824818,0.0510948905109489
0,0.0571428571428571,0.742857142857143,0.2
0.95,0,0,0.05
0.1985559566787,0.642599277978339,0.0938628158844765,0.0649819494584838
0.0108303249097473,0.0974729241877256,0.783393501805054,0.108303249097473
0.435483870967742,0.564516129032258,0,0
0.027027027027027,0.0945945945945946,0.875,0.00337837837837838
0.0464601769911504,0.00884955752212389,0.783185840707965,0.161504424778761
0.110266159695817,0.458174904942966,0.100760456273764,0.330798479087452
0.646551724137931,0.353448275862069,0,0
0.112798264642082,0.171366594360087,0,0.715835140997831
0.21272365805169,0.298210735586481,0.0318091451292246,0.457256461232604
0.112526539278132,0.556263269639066,0.0169851380042463,0.314225053078556
0.869047619047619,0.0761904761904762,0.00952380952380952,0.0452380952380952
1,0,0,0
0.440366972477064,0,0.0458715596330275,0.513761467889908
0.645796064400716,0.257602862254025,0.00536672629695886,0.0912343470483005
0.367697594501718,0.271477663230241,0.360824742268041,0
0.0337349397590361,0.380722891566265,0.0481927710843374,0.537349397590361
0.246753246753247,0.532467532467532,0,0.220779220779221
0.2,0.36,0,0.44
0.770731707317073,0.121951219512195,0,0.107317073170732
